##FastQC	0.10.1
>>Basic Statistics	pass
#Measure	Value	
Filename	Partial_SRR2467144.fastq	
File type	Conventional base calls	
Encoding	Sanger / Illumina 1.9	
Total Sequences	5000	
Filtered Sequences	0	
Sequence length	101	
%GC	41	
>>END_MODULE
>>Per base sequence quality	pass
#Base	Mean	Median	Lower Quartile	Upper Quartile	10th Percentile	90th Percentile
1	32.187	34.0	31.0	34.0	31.0	34.0
2	32.5104	34.0	31.0	34.0	31.0	34.0
3	32.6498	34.0	31.0	34.0	31.0	34.0
4	35.9518	37.0	35.0	37.0	35.0	37.0
5	36.0472	37.0	35.0	37.0	35.0	37.0
6	35.8924	37.0	35.0	37.0	35.0	37.0
7	36.15	37.0	35.0	37.0	35.0	37.0
8	36.1332	37.0	35.0	37.0	35.0	37.0
9	38.0942	39.0	39.0	39.0	35.0	39.0
10-14	37.94336	39.2	38.0	39.4	34.8	39.4
15-19	39.088319999999996	40.6	38.6	41.0	35.6	41.0
20-24	39.25156	41.0	39.0	41.0	35.8	41.0
25-29	38.80152	40.2	38.6	41.0	35.0	41.0
30-34	38.85908	40.0	38.0	41.0	35.0	41.0
35-39	38.7012	40.0	38.0	41.0	34.4	41.0
40-44	38.35064	40.0	38.0	41.0	33.6	41.0
45-49	38.58484	40.0	38.0	41.0	34.2	41.0
50-54	38.365159999999996	40.0	38.0	41.0	33.8	41.0
55-59	37.712959999999995	40.0	37.0	41.0	32.4	41.0
60-64	37.3572	39.0	36.2	41.0	32.4	41.0
65-69	36.16784	37.6	35.0	39.8	30.8	41.0
70-74	35.3854	36.4	34.6	39.0	30.2	40.4
75-79	33.05204	34.4	32.2	36.0	28.0	38.4
80-84	33.337360000000004	35.0	33.8	35.8	28.8	37.2
85-89	32.574160000000006	35.0	33.0	35.0	27.4	36.0
90-94	32.233	35.0	32.8	35.0	27.2	35.8
95-99	31.78356	35.0	32.8	35.0	26.8	35.0
100-101	29.1757	33.0	29.0	34.5	13.5	35.0
>>END_MODULE
>>Per sequence quality scores	pass
#Quality	Count
7	1.0
8	0.0
9	0.0
10	0.0
11	2.0
12	0.0
13	1.0
14	4.0
15	1.0
16	6.0
17	8.0
18	9.0
19	15.0
20	7.0
21	13.0
22	21.0
23	21.0
24	17.0
25	19.0
26	25.0
27	30.0
28	51.0
29	72.0
30	75.0
31	92.0
32	108.0
33	192.0
34	244.0
35	335.0
36	564.0
37	1214.0
38	1609.0
39	244.0
>>END_MODULE
>>Per base sequence content	fail
#Base	G	A	T	C
1	45.54455445544555	11.96201252778339	5.920387957163063	36.573045059608
2	21.98	13.819999999999999	43.28	20.919999999999998
3	19.259999999999998	20.7	30.320000000000004	29.720000000000002
4	24.22	27.62	25.6	22.56
5	23.86	32.76	26.46	16.919999999999998
6	19.24	34.300000000000004	28.96	17.5
7	14.32	24.5	45.98	15.2
8	16.68	23.64	36.44	23.24
9	17.88	22.68	37.72	21.72
10-14	20.256	29.776000000000003	30.012	19.956
15-19	20.52	28.483999999999998	30.3	20.696
20-24	20.188807552302094	28.30913236529461	30.997239889595583	20.504820192807713
25-29	19.988	28.811999999999998	30.372	20.828
30-34	20.24	28.156	30.808000000000003	20.796
35-39	20.364814592583702	27.837113484539383	30.833233329333172	20.964838593543742
40-44	20.636	28.323999999999998	30.380000000000003	20.66
45-49	20.3448137925517	27.829113164526582	30.733229329173167	21.09284371374855
50-54	20.584	28.004	30.28	21.132
55-59	20.200000000000003	28.444000000000003	30.348000000000003	21.008
60-64	20.32	27.767999999999997	30.612000000000002	21.3
65-69	20.188	28.224	30.372	21.215999999999998
70-74	20.588	28.344	30.424	20.644000000000002
75-79	20.612	28.292	29.908	21.188000000000002
80-84	20.084	28.000000000000004	30.599999999999998	21.316
85-89	20.712	28.804000000000002	30.468	20.016000000000002
90-94	20.272000000000002	28.055999999999997	30.328	21.343999999999998
95-99	20.632	28.011999999999997	30.099999999999998	21.256
100-101	21.64	28.96	29.07	20.330000000000002
>>END_MODULE
>>Per base GC content	fail
#Base	%GC
1	82.11759951505354
2	42.9
3	48.980000000000004
4	46.78
5	40.78
6	36.74
7	29.520000000000003
8	39.92
9	39.6
10-14	40.211999999999996
15-19	41.216
20-24	40.69362774510981
25-29	40.816
30-34	41.036
35-39	41.329653186127445
40-44	41.296
45-49	41.437657506300255
50-54	41.715999999999994
55-59	41.208
60-64	41.620000000000005
65-69	41.404
70-74	41.232
75-79	41.8
80-84	41.4
85-89	40.727999999999994
90-94	41.616
95-99	41.888
100-101	41.97
>>END_MODULE
>>Per sequence GC content	warn
#GC Content	Count
0	0.0
1	0.0
2	0.0
3	0.0
4	0.0
5	0.0
6	0.0
7	0.0
8	0.0
9	0.0
10	0.0
11	0.0
12	0.0
13	0.0
14	0.5
15	1.0
16	0.5
17	0.0
18	0.5
19	1.0
20	2.0
21	5.0
22	6.0
23	4.0
24	6.0
25	9.0
26	11.0
27	18.5
28	25.0
29	32.0
30	45.5
31	62.0
32	75.0
33	91.0
34	117.0
35	155.0
36	184.0
37	216.0
38	239.0
39	256.0
40	278.0
41	286.5
42	308.5
43	351.5
44	369.5
45	345.0
46	314.0
47	290.0
48	249.0
49	193.0
50	148.5
51	107.0
52	72.0
53	44.0
54	33.0
55	24.5
56	12.5
57	6.5
58	2.5
59	1.0
60	0.0
61	0.5
62	0.5
63	0.0
64	0.0
65	0.0
66	0.0
67	0.0
68	0.0
69	0.0
70	0.0
71	0.0
72	0.0
73	0.0
74	0.0
75	0.0
76	0.0
77	0.0
78	0.0
79	0.0
80	0.0
81	0.0
82	0.0
83	0.0
84	0.0
85	0.0
86	0.0
87	0.0
88	0.0
89	0.0
90	0.0
91	0.0
92	0.0
93	0.0
94	0.0
95	0.0
96	0.0
97	0.0
98	0.0
99	0.0
100	0.0
>>END_MODULE
>>Per base N content	pass
#Base	N-Count
1	1.02
2	0.0
3	0.0
4	0.0
5	0.0
6	0.0
7	0.0
8	0.0
9	0.0
10-14	0.0
15-19	0.0
20-24	0.004
25-29	0.0
30-34	0.0
35-39	0.004
40-44	0.0
45-49	0.004
50-54	0.0
55-59	0.0
60-64	0.0
65-69	0.0
70-74	0.0
75-79	0.0
80-84	0.0
85-89	0.0
90-94	0.0
95-99	0.0
100-101	0.0
>>END_MODULE
>>Sequence Length Distribution	pass
#Length	Count
101	5000.0
>>END_MODULE
>>Sequence Duplication Levels	pass
#Total Duplicate Percentage	4.32
#Duplication Level	Relative count
1	100.0
2	1.943979933110368
3	0.20903010033444816
4	0.0
5	0.0
6	0.0
7	0.0
8	0.0
9	0.0
10++	0.0
>>END_MODULE
>>Overrepresented sequences	pass
>>END_MODULE
>>Kmer Content	fail
#Sequence	Count	Obs/Exp Overall	Obs/Exp Max	Max Obs/Exp Position
TCTTC	2085	3.474706	11.312676	7
GCAGC	875	3.470956	15.387085	2
TTCTT	3010	3.4490533	6.667146	6
CTTGG	1335	3.3542795	12.182693	7
CTTCT	1980	3.2997208	8.888532	8
CACCA	1150	3.2845616	11.202078	1
CTTCA	1685	3.0482907	8.869223	1
AGCAG	1020	3.0200021	7.1779823	2
TCTTG	1730	2.9354308	6.5817447	7
CAGCA	1005	2.9225328	9.869989	3
ACCAG	965	2.806213	7.049992	7
CCTTG	1100	2.7145445	5.9827323	2
ACCAA	1190	2.5368366	7.235506	2
TTGGA	1340	2.5129788	5.4558268	2
CAACA	1165	2.4835417	5.1682186	3
CTTGA	1310	2.4129124	5.4181433	1
GCACC	610	2.3766055	9.550504	1
GCCTT	955	2.356718	9.678839	1
CACCG	600	2.3376448	7.5563593	9
TTGGT	1350	2.33224	5.0259256	2
CCACC	600	2.2959626	7.4216228	8
TTCAA	1700	2.295469	8.511208	2
CAGCG	560	2.221412	7.6935425	4
TTTGG	1270	2.1940331	5.8635798	2
GTTGG	850	2.1744561	11.2876425	1
TCAGC	800	2.1430821	5.195581	3
AACAA	1335	2.1241875	6.172014	6
CTTGT	1250	2.120976	5.82308	1
GCCAA	705	2.0501351	9.979767	1
GGCAA	685	2.0281389	5.806255	1
TTGGC	805	2.022618	8.5278845	8
CCAGC	515	2.0064785	7.55636	2
CCAAC	700	1.9992986	6.9242845	2
GGCAG	495	1.9992173	13.860596	1
ACCTT	1095	1.9809368	5.262996	6
CTTTG	1150	1.951298	6.6549487	1
CAGCC	480	1.8701159	7.5563593	9
TCCTT	1120	1.8665087	5.656338	9
CCAAT	945	1.8558072	7.617568	3
CAATG	925	1.8495094	6.78638	4
TCAAC	930	1.8263502	6.665373	8
CTTTC	1085	1.8081803	6.4643865	5
GGTAG	650	1.8050516	5.445845	1
TCAAT	1325	1.7891158	5.237667	3
AGCCT	655	1.7546481	7.7933707	4
ACCGT	655	1.7546481	5.2533674	1
GTGGA	620	1.7217414	5.445845	1
AAACC	800	1.7054366	7.2355065	9
AACTT	1245	1.6810933	5.8923745	5
TAGCA	840	1.6795545	5.816897	9
TTGAC	900	1.6577259	5.3585443	7
AATCT	1220	1.6473365	5.892374	5
GTTCT	955	1.6204257	7.404463	5
CTTCG	655	1.6163878	7.259129	1
AGCGG	395	1.595335	5.9402556	1
CAGCT	595	1.593917	5.1955805	3
TTTCA	1275	1.5859451	7.8405523	6
CTCTG	640	1.5793713	7.259129	1
CCTTT	935	1.5582014	7.2724347	3
CCAGT	580	1.5537344	5.2533674	1
GAAAC	680	1.4759384	5.262046	5
GTCAG	540	1.4728425	9.360296	1
TGGAT	770	1.444025	6.365131	3
CGTCA	535	1.4331858	5.2533674	1
CAAAC	670	1.4283031	6.201863	8
CTTAG	765	1.4090673	5.358545	7
TTTGA	1100	1.3931068	5.5266194	6
CATCG	520	1.3930031	5.1955805	9
TTGAG	730	1.3690108	6.365131	7
GGTTG	535	1.3686281	5.0167303	1
GTTTG	790	1.3647923	5.9287963	1
CAGTG	500	1.3637431	5.2899046	4
GTTCA	740	1.3630191	10.836287	1
GTAAC	680	1.3596392	5.8815937	1
CGGTG	365	1.3580105	7.2962427	1
CCAGA	465	1.3522167	5.639994	8
ACAAA	845	1.3445232	5.400512	7
TTCAT	1080	1.3433888	6.031194	7
GCGGC	245	1.3257293	5.2473984	2
GCTGG	345	1.2835989	5.4119883	2
TCTCA	705	1.2753977	5.262996	7
GGCCA	320	1.2693783	5.770158	4
GGATG	455	1.2635362	5.385941	6
CCCTT	520	1.2603576	7.129691	1
AGATC	630	1.2596658	6.78638	4
TGGGG	330	1.2500803	5.510241	7
CCATC	475	1.2497659	5.102939	8
GTTGT	720	1.2438613	6.775767	1
GGTTC	495	1.2437216	8.5278845	4
GTCCA	455	1.2188777	6.5667095	1
GCAGT	445	1.2137313	6.6123805	3
GAGGC	300	1.2116469	5.8749123	9
TGGCC	330	1.2058976	5.3154874	3
CAGAG	400	1.1843146	5.742386	9
CAGTC	430	1.1519065	6.494476	4
GTGGG	295	1.1174961	5.5715275	1
TGAGG	400	1.110801	6.7324257	8
ATTGA	805	1.1067058	5.9993486	6
GGGCA	265	1.0702881	5.9402556	1
CCATT	590	1.0673541	5.262996	3
GGCCT	285	1.0414572	5.3746085	1
CCATG	385	1.0313582	5.195581	5
GGCGG	185	1.0192349	8.10313	1
GCGGT	270	1.0045556	7.2159834	2
GCCAG	250	0.9917017	7.779113	1
GGGGC	180	0.991688	5.402087	1
GACCT	370	0.9911753	5.1955805	5
GGGAC	245	0.9895116	7.9203405	1
GTCTG	385	0.9673389	6.159096	1
GGATT	515	0.965809	5.4558268	4
CCCAT	365	0.96034634	7.6544075	2
GATCG	350	0.9546201	9.257333	5
GGATC	350	0.9546201	6.685926	1
GGCGA	235	0.9491234	5.9402556	1
GTCAC	350	0.9375982	5.2533674	1
CGGCT	255	0.93183	5.3154874	3
CCGTC	255	0.9152146	5.2207074	2
CCGTT	365	0.9007352	5.9827323	2
GTTAG	470	0.88141793	7.355345	1
GGGAT	315	0.87475574	5.3859406	3
GGCGT	235	0.87433565	5.4721828	1
CTAGC	325	0.8706271	6.4944763	8
GCCCA	220	0.8571365	13.3707075	1
TAGCC	300	0.8036556	5.1955805	9
CTCCT	325	0.78772354	7.1296916	1
GTTCG	310	0.77889633	6.1590962	1
GTGCT	300	0.75377065	6.1590962	1
CCACT	285	0.74985945	6.3786736	2
CCCCA	180	0.6887888	5.6281266	1
GGGGT	180	0.6818621	5.5102415	2
GCCAC	160	0.623372	9.550506	1
GGGCC	115	0.6222811	5.247399	5
GCCTG	170	0.62122	5.3746076	1
CCCAC	155	0.5931236	9.38021	1
GTGCA	210	0.5727721	5.3487406	1
GCCCT	155	0.5563069	7.0383644	1
CCGCA	135	0.5259701	5.7303033	1
GGGCG	90	0.495844	5.402087	1
GTCGG	130	0.48367497	5.4721823	1
CGCTG	130	0.47505057	5.3746076	1
GCCGT	125	0.4567794	7.1661434	1
GGCCC	80	0.4251724	5.1538334	9
CTCGG	115	0.42023706	5.3746076	1
CCGGG	75	0.4058355	5.3057623	1
CGGGG	70	0.38565642	5.4020867	1
CTCCC	105	0.37013346	5.1846485	1
CCCGC	70	0.36539224	5.1182356	1
GCCCG	45	0.23915945	5.2111554	1
TACGC	85	0.22770242	5.1955805	9
>>END_MODULE
